     A
     [
  0.00000000,   0.00000000,   0.00013165,   0.00000315,  -0.00000000,   0.00000000,   0.00000000;
299.99999999,   0.00000000, -32.17000000,   0.00000000,   0.00000000,   0.00000000,   0.00000000;
  0.00000000,   0.00000000,  -0.02909662,  -0.00069700,   0.00000000,   0.00000000,   0.00000000;
-299.99999999,   0.00000000,   2.12995393,  -0.54466071,   0.33032431,   0.00000000,   0.00000000;
  0.00000000,   1.00000000,  -2.89516414,   0.91522484,  -0.81694411,   0.00000000,   0.00000000;
  0.00000000,   0.00000000,   0.00154396,  -0.00000095,   0.00000000,  -1.00000000,   0.00000000;
  0.00000000,   0.00000000,  -0.00453382,  -0.00111636,  -0.05701634,   0.00000000, -20.20000000;
     ]
     B
     [
  0.00000000,   0.00000000;
  0.00000000,   0.00000000;
  0.00000000,   1.00000000;
  0.00000000,   0.00000000;
  0.00000000,   0.00000000;
  0.00000000,   0.00000000;
  0.00000000,  20.20000000;
     ]
     C
     [
  1.00000000,   0.00000000,   0.00000000,   0.00000000,   0.00000000,   0.00000000,  57.29577951;
  0.00000000,   0.00000000,   0.00000000,   0.00000000,   0.00000000,   1.00000000,   0.00000000;
  0.00000000,   0.00000000,   0.00000000,   0.00000000,  57.29577951,   0.00000000,   0.00000000;
  0.00000000,   0.00000000,   0.00000000,  57.29577951,   0.00000000,   0.00000000,   0.00000000;
  0.00000000,   0.00000000,   0.00000000,   0.00000000,   0.00000000,   0.00000000,   0.00000000;
     ]
     D
     [
  0.00000000,   0.00000000;
  0.00000000,   0.00000000;
  0.00000000,   0.00000000;
  0.00000000,   0.00000000;
  0.00000000,   0.00000000;
     ]
