
time,npos,epos,alt,phi,theta,psi,vel,alpha,beta,p,q,r,nx,ny,nz,mach,qbar,ps,

 0.00000, 0.00000, 0.00000,10000.00000, 0.00000, 2.05761, 0.00000,600.00000, 2.05761, 0.00000, 0.00000, 0.00000, 0.00000, 0.03590, 0.00000, 0.99936, 0.55723,316.40330,1454.59743,2335.75705,-1.88327, 0.00000, 0.00000,
 0.10000,60.00000, 0.00000,10000.00000,-0.00000, 2.05761,-0.00000,600.00000, 2.05761, 0.00000,-0.00000,-0.00000,-0.00000, 0.03590, 0.00000, 0.99936, 0.55723,316.40330,1454.59743,2335.75705,-1.88327, 0.00000, 0.00000,
 0.20000,120.00000, 0.00000,10000.00000,-0.00000, 2.05761,-0.00000,600.00000, 2.05761, 0.00000,-0.00000,-0.00000,-0.00000, 0.03590, 0.00000, 0.99936, 0.55723,316.40330,1454.59743,2335.75705,-1.88327, 0.00000, 0.00000,
 0.30000,180.00000, 0.00000,10000.00000,-0.00000, 2.05761,-0.00000,600.00000, 2.05761, 0.00000,-0.00000,-0.00000,-0.00000, 0.03590,-0.00000, 0.99936, 0.55723,316.40330,1454.59743,2335.75705,-1.88327, 0.00000, 0.00000,
 0.40000,240.00000, 0.00000,10000.00000,-0.00000, 2.05761,-0.00000,600.00000, 2.05761, 0.00000,-0.00000,-0.00000,-0.00000, 0.03590,-0.00000, 0.99936, 0.55723,316.40330,1454.59743,2335.75705,-1.88327, 0.00000, 0.00000,
 0.50000,300.00000, 0.00000,10000.00000,-0.00000, 2.05761,-0.00000,600.00000, 2.05761, 0.00000,-0.00000,-0.00000,-0.00000, 0.03590,-0.00000, 0.99936, 0.55723,316.40330,1454.59743,2335.75705,-1.88327, 0.00000, 0.00000,
 0.60000,360.00000,-0.00000,10000.00000,-0.00000, 2.05761,-0.00000,600.00000, 2.05761, 0.00000,-0.00000,-0.00000,-0.00000, 0.03590,-0.00000, 0.99936, 0.55723,316.40330,1454.59743,2335.75705,-1.88327, 0.00000, 0.00000,
 0.70000,420.00000,-0.00000,10000.00000,-0.00000, 2.05761,-0.00000,600.00000, 2.05761, 0.00000,-0.00000,-0.00000,-0.00000, 0.03590,-0.00000, 0.99936, 0.55723,316.40330,1454.59743,2335.75705,-1.88327, 0.00000, 0.00000,
 0.80000,480.00000,-0.00000,10000.00000,-0.00000, 2.05761,-0.00000,600.00000, 2.05761, 0.00000,-0.00000,-0.00000,-0.00000, 0.03590,-0.00000, 0.99936, 0.55723,316.40330,1454.59743,2335.75705,-1.88327, 0.00000, 0.00000,
 0.90000,540.00000,-0.00000,10000.00000,-0.00000, 2.05761,-0.00000,600.00000, 2.05761, 0.00000,-0.00000,-0.00000,-0.00000, 0.03590,-0.00000, 0.99936, 0.55723,316.40330,1454.59743,2335.75705,-1.88327, 0.00000, 0.00000,
 1.00000,600.00000,-0.00000,10000.00000,-0.00000, 2.05761,-0.00000,600.00000, 2.05761, 0.00000,-0.00000,-0.00000,-0.00000, 0.03590,-0.00000, 0.99936, 0.55723,316.40330,1454.59743,2335.75705,-1.88327, 0.00000, 0.00000,
 1.10000,660.00000,-0.00000,10000.00000,-0.00000, 2.05761,-0.00000,600.00000, 2.05761, 0.00000,-0.00000,-0.00000,-0.00000, 0.03590,-0.00000, 0.99936, 0.55723,316.40330,1454.59743,2335.75705,-1.88327, 0.00000, 0.00000,
 1.20000,720.00000,-0.00000,10000.00000,-0.00000, 2.05761,-0.00000,600.00000, 2.05761, 0.00000,-0.00000,-0.00000,-0.00000, 0.03590,-0.00000, 0.99936, 0.55723,316.40330,1454.59743,2335.75705,-1.88327, 0.00000, 0.00000,
 1.30000,780.00000,-0.00000,10000.00000,-0.00000, 2.05761,-0.00000,600.00000, 2.05761, 0.00000,-0.00000,-0.00000,-0.00000, 0.03590,-0.00000, 0.99936, 0.55723,316.40330,1454.59743,2335.75705,-1.88327, 0.00000, 0.00000,
 1.40000,840.00000,-0.00000,10000.00000,-0.00000, 2.05761,-0.00000,600.00000, 2.05761, 0.00000,-0.00000,-0.00000,-0.00000, 0.03590,-0.00000, 0.99936, 0.55723,316.40330,1454.59743,2335.75705,-1.88327, 0.00000, 0.00000,
 1.50000,900.00000,-0.00000,10000.00000,-0.00000, 2.05761,-0.00000,600.00000, 2.05761, 0.00000,-0.00000,-0.00000,-0.00000, 0.03590,-0.00000, 0.99936, 0.55723,316.40330,1454.59743,2335.75705,-1.88327, 0.00000, 0.00000,
 1.60000,960.00000,-0.00000,10000.00000,-0.00000, 2.05761,-0.00000,600.00000, 2.05761, 0.00000,-0.00000,-0.00000,-0.00000, 0.03590,-0.00000, 0.99936, 0.55723,316.40330,1454.59743,2335.75705,-1.88327, 0.00000, 0.00000,
 1.70000,1020.00000,-0.00000,10000.00000,-0.00000, 2.05761,-0.00000,600.00000, 2.05761, 0.00000,-0.00000,-0.00000,-0.00000, 0.03590,-0.00000, 0.99936, 0.55723,316.40330,1454.59743,2335.75705,-1.88327, 0.00000, 0.00000,
 1.80000,1080.00000,-0.00000,10000.00000,-0.00000, 2.05761,-0.00000,600.00000, 2.05761, 0.00000,-0.00000,-0.00000,-0.00000, 0.03590,-0.00000, 0.99936, 0.55723,316.40330,1454.59743,2335.75705,-1.88327, 0.00000, 0.00000,
 1.90000,1140.00000,-0.00000,10000.00000,-0.00000, 2.05761,-0.00000,600.00000, 2.05761, 0.00000,-0.00000,-0.00000,-0.00000, 0.03590,-0.00000, 0.99936, 0.55723,316.40330,1454.59743,2335.75705,-1.88327, 0.00000, 0.00000,
 2.00000,1200.00000,-0.00000,10000.00000,-0.00000, 2.05761,-0.00000,600.00000, 2.05761, 0.00000,-0.00000,-0.00000,-0.00000, 0.03590,-0.00000, 0.99936, 0.55723,316.40330,1454.59743,2335.75705,-1.88327, 0.00000, 0.00000,
 2.10000,1260.00000,-0.00000,10000.00000,-0.00000, 2.05761,-0.00000,600.00000, 2.05761, 0.00000,-0.00000,-0.00000,-0.00000, 0.03590,-0.00000, 0.99936, 0.55723,316.40330,1454.59743,2335.75705,-1.88327, 0.00000, 0.00000,
 2.20000,1320.00000,-0.00000,10000.00000,-0.00000, 2.05761,-0.00000,600.00000, 2.05761, 0.00000,-0.00000,-0.00000,-0.00000, 0.03590,-0.00000, 0.99936, 0.55723,316.40330,1454.59743,2335.75705,-1.88327, 0.00000, 0.00000,
 2.30000,1380.00000,-0.00000,10000.00000,-0.00000, 2.05761,-0.00000,600.00000, 2.05761, 0.00000,-0.00000,-0.00000,-0.00000, 0.03590,-0.00000, 0.99936, 0.55723,316.40330,1454.59743,2335.75705,-1.88327, 0.00000, 0.00000,
 2.40000,1440.00000,-0.00000,10000.00000,-0.00000, 2.05761,-0.00000,600.00000, 2.05761, 0.00000,-0.00000,-0.00000,-0.00000, 0.03590,-0.00000, 0.99936, 0.55723,316.40330,1454.59743,2335.75705,-1.88327, 0.00000, 0.00000,
 2.50000,1500.00000,-0.00000,10000.00000,-0.00000, 2.05761,-0.00000,600.00000, 2.05761, 0.00000,-0.00000,-0.00000,-0.00000, 0.03590, 0.00000, 0.99936, 0.55723,316.40330,1454.59743,2335.75705,-1.88327, 0.00000, 0.00000,
 2.60000,1560.00000,-0.00000,10000.00000,-0.00000, 2.05761,-0.00000,600.00000, 2.05761, 0.00000,-0.00000,-0.00000,-0.00000, 0.03590, 0.00000, 0.99936, 0.55723,316.40330,1454.59743,2335.75705,-1.88327, 0.00000, 0.00000,
 2.70000,1620.00000,-0.00000,10000.00000,-0.00000, 2.05761,-0.00000,600.00000, 2.05761, 0.00000,-0.00000,-0.00000,-0.00000, 0.03590, 0.00000, 0.99936, 0.55723,316.40330,1454.59743,2335.75705,-1.88327, 0.00000, 0.00000,
 2.80000,1680.00000,-0.00000,10000.00000,-0.00000, 2.05761,-0.00000,600.00000, 2.05761, 0.00000,-0.00000,-0.00000,-0.00000, 0.03590,-0.00000, 0.99936, 0.55723,316.40330,1454.59743,2335.75705,-1.88327, 0.00000, 0.00000,
 2.90000,1740.00000,-0.00000,10000.00000,-0.00000, 2.05761,-0.00000,600.00000, 2.05761, 0.00000,-0.00000,-0.00000,-0.00000, 0.03590,-0.00000, 0.99936, 0.55723,316.40330,1454.59743,2335.75705,-1.88327, 0.00000, 0.00000,
 3.00000,1800.00000,-0.00000,10000.00000,-0.00000, 2.05761,-0.00000,600.00000, 2.05761, 0.00000,-0.00000,-0.00000,-0.00000, 0.03590,-0.00000, 0.99936, 0.55723,316.40330,1454.59743,2335.75705,-1.88327, 0.00000, 0.00000,
 3.10000,1860.00000,-0.00000,10000.00000,-0.00000, 2.05761,-0.00000,600.00000, 2.05761, 0.00000,-0.00000,-0.00000,-0.00000, 0.03590,-0.00000, 0.99936, 0.55723,316.40330,1454.59743,2335.75705,-1.88327, 0.00000, 0.00000,
 3.20000,1920.00000,-0.00000,10000.00000,-0.00000, 2.05761,-0.00000,600.00000, 2.05761, 0.00000,-0.00000,-0.00000,-0.00000, 0.03590,-0.00000, 0.99936, 0.55723,316.40330,1454.59743,2335.75705,-1.88327, 0.00000, 0.00000,
 3.30000,1980.00000,-0.00000,10000.00000,-0.00000, 2.05761,-0.00000,600.00000, 2.05761, 0.00000,-0.00000,-0.00000,-0.00000, 0.03590,-0.00000, 0.99936, 0.55723,316.40330,1454.59743,2335.75705,-1.88327, 0.00000, 0.00000,
 3.40000,2040.00000,-0.00000,10000.00000,-0.00000, 2.05761,-0.00000,600.00000, 2.05761, 0.00000,-0.00000,-0.00000,-0.00000, 0.03590,-0.00000, 0.99936, 0.55723,316.40330,1454.59743,2335.75705,-1.88327, 0.00000, 0.00000,
 3.50000,2100.00000,-0.00000,10000.00000,-0.00000, 2.05761,-0.00000,600.00000, 2.05761, 0.00000,-0.00000,-0.00000,-0.00000, 0.03590,-0.00000, 0.99936, 0.55723,316.40330,1454.59743,2335.75705,-1.88327, 0.00000, 0.00000,
 3.60000,2160.00000,-0.00000,10000.00000,-0.00000, 2.05761,-0.00000,600.00000, 2.05761, 0.00000,-0.00000,-0.00000,-0.00000, 0.03590,-0.00000, 0.99936, 0.55723,316.40330,1454.59743,2335.75705,-1.88327, 0.00000, 0.00000,
 3.70000,2220.00000,-0.00000,10000.00000,-0.00000, 2.05761,-0.00000,600.00000, 2.05761, 0.00000,-0.00000,-0.00000,-0.00000, 0.03590,-0.00000, 0.99936, 0.55723,316.40330,1454.59743,2335.75705,-1.88327, 0.00000, 0.00000,
 3.80000,2280.00000,-0.00000,10000.00000,-0.00000, 2.05761,-0.00000,600.00000, 2.05761, 0.00000,-0.00000,-0.00000,-0.00000, 0.03590,-0.00000, 0.99936, 0.55723,316.40330,1454.59743,2335.75705,-1.88327, 0.00000, 0.00000,
 3.90000,2340.00000,-0.00000,10000.00000,-0.00000, 2.05761,-0.00000,600.00000, 2.05761, 0.00000,-0.00000,-0.00000,-0.00000, 0.03590,-0.00000, 0.99936, 0.55723,316.40330,1454.59743,2335.75705,-1.88327, 0.00000, 0.00000,
 4.00000,2400.00000,-0.00000,10000.00000,-0.00000, 2.05761,-0.00000,600.00000, 2.05761, 0.00000,-0.00000,-0.00000,-0.00000, 0.03590,-0.00000, 0.99936, 0.55723,316.40330,1454.59743,2335.75705,-1.88327, 0.00000, 0.00000,
 4.10000,2460.00000,-0.00000,10000.00000,-0.00000, 2.05761,-0.00000,600.00000, 2.05761, 0.00000,-0.00000,-0.00000,-0.00000, 0.03590, 0.00000, 0.99936, 0.55723,316.40330,1454.59743,2335.75705,-1.88327, 0.00000, 0.00000,
 4.20000,2520.00000,-0.00000,10000.00000,-0.00000, 2.05761,-0.00000,600.00000, 2.05761, 0.00000,-0.00000,-0.00000,-0.00000, 0.03590,-0.00000, 0.99936, 0.55723,316.40330,1454.59743,2335.75705,-1.88327, 0.00000, 0.00000,
 4.30000,2580.00000,-0.00000,10000.00000,-0.00000, 2.05761,-0.00000,600.00000, 2.05761, 0.00000,-0.00000,-0.00000,-0.00000, 0.03590,-0.00000, 0.99936, 0.55723,316.40330,1454.59743,2335.75705,-1.88327, 0.00000, 0.00000,
 4.40000,2640.00000,-0.00000,10000.00000,-0.00000, 2.05761,-0.00000,600.00000, 2.05761, 0.00000,-0.00000,-0.00000,-0.00000, 0.03590,-0.00000, 0.99936, 0.55723,316.40330,1454.59743,2335.75705,-1.88327, 0.00000, 0.00000,
 4.50000,2700.00000,-0.00000,10000.00000,-0.00000, 2.05761,-0.00000,600.00000, 2.05761, 0.00000,-0.00000,-0.00000,-0.00000, 0.03590,-0.00000, 0.99936, 0.55723,316.40330,1454.59743,2335.75705,-1.88327, 0.00000, 0.00000,
 4.60000,2760.00000,-0.00000,10000.00000,-0.00000, 2.05761,-0.00000,600.00000, 2.05761, 0.00000,-0.00000,-0.00000,-0.00000, 0.03590,-0.00000, 0.99936, 0.55723,316.40330,1454.59743,2335.75705,-1.88327, 0.00000, 0.00000,
 4.70000,2820.00000,-0.00000,10000.00000,-0.00000, 2.05761,-0.00000,600.00000, 2.05761, 0.00000,-0.00000,-0.00000,-0.00000, 0.03590,-0.00000, 0.99936, 0.55723,316.40330,1454.59743,2335.75705,-1.88327, 0.00000, 0.00000,
 4.80000,2880.00000,-0.00000,10000.00000,-0.00000, 2.05761,-0.00000,600.00000, 2.05761, 0.00000,-0.00000,-0.00000,-0.00000, 0.03590,-0.00000, 0.99936, 0.55723,316.40330,1454.59743,2335.75705,-1.88327, 0.00000, 0.00000,
 4.90000,2940.00000,-0.00000,10000.00000,-0.00000, 2.05761,-0.00000,600.00000, 2.05761, 0.00000,-0.00000,-0.00000,-0.00000, 0.03590,-0.00000, 0.99936, 0.55723,316.40330,1454.59743,2335.75705,-1.88327, 0.00000, 0.00000,
 5.00000,3000.00000,-0.00000,10000.00000,-0.00000, 2.05761,-0.00000,600.00000, 2.05761, 0.00000,-0.00000,-0.00000,-0.00000, 0.03590,-0.00000, 0.99936, 0.55723,316.40330,1454.59743,2335.75705,-1.88327, 0.00000, 0.00000,
 5.10000,3060.00000,-0.00000,10000.00000,-0.00000, 2.05761,-0.00000,600.00000, 2.05761, 0.00000,-0.00000,-0.00000,-0.00000, 0.03590,-0.00000, 0.99936, 0.55723,316.40330,1454.59743,2335.75705,-1.88327, 0.00000, 0.00000,
 5.20000,3120.00000,-0.00000,10000.00000,-0.00000, 2.05761,-0.00000,600.00000, 2.05761, 0.00000,-0.00000,-0.00000,-0.00000, 0.03590,-0.00000, 0.99936, 0.55723,316.40330,1454.59743,2335.75705,-1.88327, 0.00000, 0.00000,
 5.30000,3180.00000,-0.00000,10000.00000,-0.00000, 2.05761,-0.00000,600.00000, 2.05761, 0.00000,-0.00000,-0.00000,-0.00000, 0.03590,-0.00000, 0.99936, 0.55723,316.40330,1454.59743,2335.75705,-1.88327, 0.00000, 0.00000,
 5.40000,3240.00000,-0.00000,10000.00000,-0.00000, 2.05761,-0.00000,600.00000, 2.05761, 0.00000,-0.00000,-0.00000,-0.00000, 0.03590,-0.00000, 0.99936, 0.55723,316.40330,1454.59743,2335.75705,-1.88327, 0.00000, 0.00000,
 5.50000,3300.00000,-0.00000,10000.00000,-0.00000, 2.05761,-0.00000,600.00000, 2.05761, 0.00000,-0.00000,-0.00000,-0.00000, 0.03590,-0.00000, 0.99936, 0.55723,316.40330,1454.59743,2335.75705,-1.88327, 0.00000, 0.00000,
 5.60000,3360.00000,-0.00000,10000.00000,-0.00000, 2.05761,-0.00000,600.00000, 2.05761, 0.00000,-0.00000,-0.00000,-0.00000, 0.03590,-0.00000, 0.99936, 0.55723,316.40330,1454.59743,2335.75705,-1.88327, 0.00000, 0.00000,
 5.70000,3420.00000,-0.00000,10000.00000,-0.00000, 2.05761,-0.00000,600.00000, 2.05761, 0.00000,-0.00000,-0.00000,-0.00000, 0.03590,-0.00000, 0.99936, 0.55723,316.40330,1454.59743,2335.75705,-1.88327, 0.00000, 0.00000,
 5.80000,3480.00000,-0.00000,10000.00000,-0.00000, 2.05761,-0.00000,600.00000, 2.05761, 0.00000,-0.00000,-0.00000,-0.00000, 0.03590,-0.00000, 0.99936, 0.55723,316.40330,1454.59743,2335.75705,-1.88327, 0.00000, 0.00000,
 5.90000,3540.00000,-0.00000,10000.00000,-0.00000, 2.05761,-0.00000,600.00000, 2.05761, 0.00000,-0.00000,-0.00000,-0.00000, 0.03590,-0.00000, 0.99936, 0.55723,316.40330,1454.59743,2335.75705,-1.88327, 0.00000, 0.00000,
 6.00000,3600.00000,-0.00000,10000.00000,-0.00000, 2.05761,-0.00000,600.00000, 2.05761, 0.00000,-0.00000,-0.00000,-0.00000, 0.03590,-0.00000, 0.99936, 0.55723,316.40330,1454.59743,2335.75705,-1.88327, 0.00000, 0.00000,
 6.10000,3660.00000,-0.00000,10000.00000,-0.00000, 2.05761,-0.00000,600.00000, 2.05761, 0.00000,-0.00000,-0.00000,-0.00000, 0.03590,-0.00000, 0.99936, 0.55723,316.40330,1454.59743,2335.75705,-1.88327, 0.00000, 0.00000,
 6.20000,3720.00000,-0.00000,10000.00000,-0.00000, 2.05761,-0.00000,600.00000, 2.05761, 0.00000,-0.00000,-0.00000,-0.00000, 0.03590,-0.00000, 0.99936, 0.55723,316.40330,1454.59743,2335.75705,-1.88327, 0.00000, 0.00000,
 6.30000,3780.00000,-0.00000,10000.00000,-0.00000, 2.05761,-0.00000,600.00000, 2.05761, 0.00000,-0.00000,-0.00000,-0.00000, 0.03590,-0.00000, 0.99936, 0.55723,316.40330,1454.59743,2335.75705,-1.88327, 0.00000, 0.00000,
 6.40000,3840.00000,-0.00000,10000.00000,-0.00000, 2.05761,-0.00000,600.00000, 2.05761, 0.00000,-0.00000,-0.00000,-0.00000, 0.03590,-0.00000, 0.99936, 0.55723,316.40330,1454.59743,2335.75705,-1.88327, 0.00000, 0.00000,
 6.50000,3900.00000,-0.00000,10000.00000,-0.00000, 2.05761,-0.00000,600.00000, 2.05761, 0.00000,-0.00000,-0.00000,-0.00000, 0.03590,-0.00000, 0.99936, 0.55723,316.40330,1454.59743,2335.75705,-1.88327, 0.00000, 0.00000,
 6.60000,3960.00000,-0.00000,10000.00000,-0.00000, 2.05761,-0.00000,600.00000, 2.05761, 0.00000,-0.00000,-0.00000,-0.00000, 0.03590,-0.00000, 0.99936, 0.55723,316.40330,1454.59743,2335.75705,-1.88327, 0.00000, 0.00000,
 6.70000,4020.00000,-0.00000,10000.00000,-0.00000, 2.05761,-0.00000,600.00000, 2.05761, 0.00000,-0.00000,-0.00000,-0.00000, 0.03590,-0.00000, 0.99936, 0.55723,316.40330,1454.59743,2335.75705,-1.88327, 0.00000, 0.00000,
 6.80000,4080.00000,-0.00000,10000.00000,-0.00000, 2.05761,-0.00000,600.00000, 2.05761, 0.00000,-0.00000,-0.00000,-0.00000, 0.03590,-0.00000, 0.99936, 0.55723,316.40330,1454.59743,2335.75705,-1.88327, 0.00000, 0.00000,
 6.90000,4140.00000,-0.00000,10000.00000,-0.00000, 2.05761,-0.00000,600.00000, 2.05761, 0.00000,-0.00000,-0.00000,-0.00000, 0.03590,-0.00000, 0.99936, 0.55723,316.40330,1454.59743,2335.75705,-1.88327, 0.00000, 0.00000,
 7.00000,4200.00000,-0.00000,10000.00000,-0.00000, 2.05761,-0.00000,600.00000, 2.05761, 0.00000,-0.00000,-0.00000,-0.00000, 0.03590,-0.00000, 0.99936, 0.55723,316.40330,1454.59743,2335.75705,-1.88327, 0.00000, 0.00000,
 7.10000,4260.00000,-0.00000,10000.00000,-0.00000, 2.05761,-0.00000,600.00000, 2.05761, 0.00000,-0.00000,-0.00000,-0.00000, 0.03590,-0.00000, 0.99936, 0.55723,316.40330,1454.59743,2335.75705,-1.88327, 0.00000, 0.00000,
 7.20000,4320.00000,-0.00000,10000.00000,-0.00000, 2.05761,-0.00000,600.00000, 2.05761, 0.00000,-0.00000,-0.00000,-0.00000, 0.03590,-0.00000, 0.99936, 0.55723,316.40330,1454.59743,2335.75705,-1.88327, 0.00000, 0.00000,
 7.30000,4380.00000,-0.00000,10000.00000,-0.00000, 2.05761,-0.00000,600.00000, 2.05761, 0.00000,-0.00000,-0.00000,-0.00000, 0.03590,-0.00000, 0.99936, 0.55723,316.40330,1454.59743,2335.75705,-1.88327, 0.00000, 0.00000,
 7.40000,4440.00000,-0.00000,10000.00000,-0.00000, 2.05761,-0.00000,600.00000, 2.05761, 0.00000,-0.00000,-0.00000,-0.00000, 0.03590,-0.00000, 0.99936, 0.55723,316.40330,1454.59743,2335.75705,-1.88327, 0.00000, 0.00000,
 7.50000,4500.00000,-0.00000,10000.00000,-0.00000, 2.05761,-0.00000,600.00000, 2.05761, 0.00000,-0.00000,-0.00000,-0.00000, 0.03590,-0.00000, 0.99936, 0.55723,316.40330,1454.59743,2335.75705,-1.88327, 0.00000, 0.00000,
 7.60000,4560.00000,-0.00000,10000.00000,-0.00000, 2.05761,-0.00000,600.00000, 2.05761, 0.00000,-0.00000,-0.00000,-0.00000, 0.03590,-0.00000, 0.99936, 0.55723,316.40330,1454.59743,2335.75705,-1.88327, 0.00000, 0.00000,
 7.70000,4620.00000,-0.00000,10000.00000,-0.00000, 2.05761,-0.00000,600.00000, 2.05761, 0.00000,-0.00000,-0.00000,-0.00000, 0.03590,-0.00000, 0.99936, 0.55723,316.40330,1454.59743,2335.75705,-1.88327, 0.00000, 0.00000,
 7.80000,4680.00000,-0.00000,10000.00000,-0.00000, 2.05761,-0.00000,600.00000, 2.05761, 0.00000,-0.00000,-0.00000,-0.00000, 0.03590,-0.00000, 0.99936, 0.55723,316.40330,1454.59743,2335.75705,-1.88327, 0.00000, 0.00000,
 7.90000,4740.00000,-0.00000,10000.00000,-0.00000, 2.05761,-0.00000,600.00000, 2.05761, 0.00000,-0.00000,-0.00000,-0.00000, 0.03590,-0.00000, 0.99936, 0.55723,316.40330,1454.59743,2335.75705,-1.88327, 0.00000, 0.00000,
 8.00000,4800.00000,-0.00000,10000.00000,-0.00000, 2.05761,-0.00000,600.00000, 2.05761, 0.00000,-0.00000,-0.00000,-0.00000, 0.03590,-0.00000, 0.99936, 0.55723,316.40330,1454.59743,2335.75705,-1.88327, 0.00000, 0.00000,
 8.10000,4860.00000,-0.00000,10000.00000,-0.00000, 2.05761,-0.00000,600.00000, 2.05761, 0.00000,-0.00000,-0.00000,-0.00000, 0.03590,-0.00000, 0.99936, 0.55723,316.40330,1454.59743,2335.75705,-1.88327, 0.00000, 0.00000,
 8.20000,4920.00000,-0.00000,10000.00000,-0.00000, 2.05761,-0.00000,600.00000, 2.05761, 0.00000,-0.00000,-0.00000,-0.00000, 0.03590,-0.00000, 0.99936, 0.55723,316.40330,1454.59743,2335.75705,-1.88327, 0.00000, 0.00000,
 8.30000,4980.00000,-0.00000,10000.00000,-0.00000, 2.05761,-0.00000,600.00000, 2.05761, 0.00000,-0.00000,-0.00000,-0.00000, 0.03590,-0.00000, 0.99936, 0.55723,316.40330,1454.59743,2335.75705,-1.88327, 0.00000, 0.00000,
 8.40000,5040.00000,-0.00000,10000.00000,-0.00000, 2.05761,-0.00000,600.00000, 2.05761, 0.00000,-0.00000,-0.00000,-0.00000, 0.03590,-0.00000, 0.99936, 0.55723,316.40330,1454.59743,2335.75705,-1.88327, 0.00000, 0.00000,
 8.50000,5100.00000,-0.00000,10000.00000,-0.00000, 2.05761,-0.00000,600.00000, 2.05761, 0.00000,-0.00000,-0.00000,-0.00000, 0.03590,-0.00000, 0.99936, 0.55723,316.40330,1454.59743,2335.75705,-1.88327, 0.00000, 0.00000,
 8.60000,5160.00000,-0.00000,10000.00000,-0.00000, 2.05761,-0.00000,600.00000, 2.05761, 0.00000,-0.00000,-0.00000,-0.00000, 0.03590,-0.00000, 0.99936, 0.55723,316.40330,1454.59743,2335.75705,-1.88327, 0.00000, 0.00000,
 8.70000,5220.00000,-0.00000,10000.00000,-0.00000, 2.05761,-0.00000,600.00000, 2.05761, 0.00000,-0.00000,-0.00000,-0.00000, 0.03590,-0.00000, 0.99936, 0.55723,316.40330,1454.59743,2335.75705,-1.88327, 0.00000, 0.00000,
 8.80000,5280.00000,-0.00000,10000.00000,-0.00000, 2.05761,-0.00000,600.00000, 2.05761, 0.00000,-0.00000,-0.00000,-0.00000, 0.03590,-0.00000, 0.99936, 0.55723,316.40330,1454.59743,2335.75705,-1.88327, 0.00000, 0.00000,
 8.90000,5340.00000,-0.00000,10000.00000,-0.00000, 2.05761,-0.00000,600.00000, 2.05761, 0.00000,-0.00000,-0.00000,-0.00000, 0.03590,-0.00000, 0.99936, 0.55723,316.40330,1454.59743,2335.75705,-1.88327, 0.00000, 0.00000,
 9.00000,5400.00000,-0.00000,10000.00000,-0.00000, 2.05761,-0.00000,600.00000, 2.05761, 0.00000,-0.00000,-0.00000,-0.00000, 0.03590,-0.00000, 0.99936, 0.55723,316.40330,1454.59743,2335.75705,-1.88327, 0.00000, 0.00000,
 9.10000,5460.00000,-0.00000,10000.00000,-0.00000, 2.05761,-0.00000,600.00000, 2.05761, 0.00000,-0.00000,-0.00000,-0.00000, 0.03590,-0.00000, 0.99936, 0.55723,316.40330,1454.59743,2335.75705,-1.88327, 0.00000, 0.00000,
 9.20000,5520.00000,-0.00000,10000.00000,-0.00000, 2.05761,-0.00000,600.00000, 2.05761, 0.00000,-0.00000,-0.00000,-0.00000, 0.03590,-0.00000, 0.99936, 0.55723,316.40330,1454.59743,2335.75705,-1.88327, 0.00000, 0.00000,
 9.30000,5580.00000,-0.00000,10000.00000,-0.00000, 2.05761,-0.00000,600.00000, 2.05761, 0.00000,-0.00000,-0.00000,-0.00000, 0.03590,-0.00000, 0.99936, 0.55723,316.40330,1454.59743,2335.75705,-1.88327, 0.00000, 0.00000,
 9.40000,5640.00000,-0.00000,10000.00000,-0.00000, 2.05761,-0.00000,600.00000, 2.05761, 0.00000,-0.00000,-0.00000,-0.00000, 0.03590,-0.00000, 0.99936, 0.55723,316.40330,1454.59743,2335.75705,-1.88327, 0.00000, 0.00000,
 9.50000,5700.00000,-0.00000,10000.00000,-0.00000, 2.05761,-0.00000,600.00000, 2.05761, 0.00000,-0.00000,-0.00000,-0.00000, 0.03590,-0.00000, 0.99936, 0.55723,316.40330,1454.59743,2335.75705,-1.88327, 0.00000, 0.00000,
 9.60000,5760.00000,-0.00000,10000.00000,-0.00000, 2.05761,-0.00000,600.00000, 2.05761, 0.00000,-0.00000,-0.00000,-0.00000, 0.03590,-0.00000, 0.99936, 0.55723,316.40330,1454.59743,2335.75705,-1.88327, 0.00000, 0.00000,
 9.70000,5820.00000,-0.00000,10000.00000,-0.00000, 2.05761,-0.00000,600.00000, 2.05761, 0.00000,-0.00000,-0.00000,-0.00000, 0.03590,-0.00000, 0.99936, 0.55723,316.40330,1454.59743,2335.75705,-1.88327, 0.00000, 0.00000,
 9.80000,5880.00000,-0.00000,10000.00000,-0.00000, 2.05761,-0.00000,600.00000, 2.05761, 0.00000,-0.00000,-0.00000,-0.00000, 0.03590,-0.00000, 0.99936, 0.55723,316.40330,1454.59743,2335.75705,-1.88327, 0.00000, 0.00000,
 9.90000,5940.00000,-0.00000,10000.00000,-0.00000, 2.05761,-0.00000,600.00000, 2.05761, 0.00000,-0.00000,-0.00000,-0.00000, 0.03590,-0.00000, 0.99936, 0.55723,316.40330,1454.59743,2335.75705,-1.88327, 0.00000, 0.00000,
10.00000,6000.00000,-0.00000,10000.00000,-0.00000, 2.05761,-0.00000,600.00000, 2.05761, 0.00000,-0.00000,-0.00000,-0.00000, 0.03590,-0.00000, 0.99936, 0.55723,316.40330,1454.59743,2335.75705,-1.88327, 0.00000, 0.00000,
10.10000,6060.00000,-0.00000,10000.00000,-0.00000, 2.05761,-0.00000,600.00000, 2.05761, 0.00000,-0.00000,-0.00000,-0.00000, 0.03590,-0.00000, 0.99936, 0.55723,316.40330,1454.59743,2335.75705,-1.88327, 0.00000, 0.00000,
10.20000,6120.00000,-0.00000,10000.00000,-0.00000, 2.05761,-0.00000,600.00000, 2.05761, 0.00000,-0.00000,-0.00000,-0.00000, 0.03590,-0.00000, 0.99936, 0.55723,316.40330,1454.59743,2335.75705,-1.88327, 0.00000, 0.00000,
10.30000,6180.00000,-0.00000,10000.00000,-0.00000, 2.05761,-0.00000,600.00000, 2.05761, 0.00000,-0.00000,-0.00000,-0.00000, 0.03590,-0.00000, 0.99936, 0.55723,316.40330,1454.59743,2335.75705,-1.88327, 0.00000, 0.00000,
10.40000,6240.00000,-0.00000,10000.00000,-0.00000, 2.05761,-0.00000,600.00000, 2.05761, 0.00000,-0.00000,-0.00000,-0.00000, 0.03590,-0.00000, 0.99936, 0.55723,316.40330,1454.59743,2335.75705,-1.88327, 0.00000, 0.00000,
10.50000,6300.00000,-0.00000,10000.00000,-0.00000, 2.05761,-0.00000,600.00000, 2.05761, 0.00000,-0.00000,-0.00000,-0.00000, 0.03590,-0.00000, 0.99936, 0.55723,316.40330,1454.59743,2335.75705,-1.88327, 0.00000, 0.00000,
10.60000,6360.00000,-0.00000,10000.00000,-0.00000, 2.05761,-0.00000,600.00000, 2.05761, 0.00000,-0.00000,-0.00000,-0.00000, 0.03590,-0.00000, 0.99936, 0.55723,316.40330,1454.59743,2335.75705,-1.88327, 0.00000, 0.00000,
10.70000,6420.00000,-0.00000,10000.00000,-0.00000, 2.05761,-0.00000,600.00000, 2.05761, 0.00000,-0.00000,-0.00000,-0.00000, 0.03590,-0.00000, 0.99936, 0.55723,316.40330,1454.59743,2335.75705,-1.88327, 0.00000, 0.00000,
10.80000,6480.00000,-0.00000,10000.00000,-0.00000, 2.05761,-0.00000,600.00000, 2.05761, 0.00000,-0.00000,-0.00000,-0.00000, 0.03590,-0.00000, 0.99936, 0.55723,316.40330,1454.59743,2335.75705,-1.88327, 0.00000, 0.00000,
10.90000,6540.00000,-0.00000,10000.00000,-0.00000, 2.05761,-0.00000,600.00000, 2.05761, 0.00000,-0.00000,-0.00000,-0.00000, 0.03590,-0.00000, 0.99936, 0.55723,316.40330,1454.59743,2335.75705,-1.88327, 0.00000, 0.00000,
11.00000,6600.00000,-0.00000,10000.00000,-0.00000, 2.05761,-0.00000,600.00000, 2.05761, 0.00000,-0.00000,-0.00000,-0.00000, 0.03590,-0.00000, 0.99936, 0.55723,316.40330,1454.59743,2335.75705,-1.88327, 0.00000, 0.00000,
11.10000,6660.00000,-0.00000,10000.00000,-0.00000, 2.05761,-0.00000,600.00000, 2.05761, 0.00000,-0.00000,-0.00000,-0.00000, 0.03590,-0.00000, 0.99936, 0.55723,316.40330,1454.59743,2335.75705,-1.88327, 0.00000, 0.00000,
11.20000,6720.00000,-0.00000,10000.00000,-0.00000, 2.05761,-0.00000,600.00000, 2.05761, 0.00000,-0.00000,-0.00000,-0.00000, 0.03590,-0.00000, 0.99936, 0.55723,316.40330,1454.59743,2335.75705,-1.88327, 0.00000, 0.00000,
11.30000,6780.00000,-0.00000,10000.00000,-0.00000, 2.05761,-0.00000,600.00000, 2.05761, 0.00000,-0.00000,-0.00000,-0.00000, 0.03590,-0.00000, 0.99936, 0.55723,316.40330,1454.59743,2335.75705,-1.88327, 0.00000, 0.00000,
11.40000,6840.00000,-0.00000,10000.00000,-0.00000, 2.05761,-0.00000,600.00000, 2.05761, 0.00000,-0.00000,-0.00000,-0.00000, 0.03590,-0.00000, 0.99936, 0.55723,316.40330,1454.59743,2335.75705,-1.88327, 0.00000, 0.00000,
11.50000,6900.00000,-0.00000,10000.00000,-0.00000, 2.05761,-0.00000,600.00000, 2.05761, 0.00000,-0.00000,-0.00000,-0.00000, 0.03590,-0.00000, 0.99936, 0.55723,316.40330,1454.59743,2335.75705,-1.88327, 0.00000, 0.00000,
11.60000,6960.00000,-0.00000,10000.00000,-0.00000, 2.05761,-0.00000,600.00000, 2.05761, 0.00000,-0.00000,-0.00000,-0.00000, 0.03590,-0.00000, 0.99936, 0.55723,316.40330,1454.59743,2335.75705,-1.88327, 0.00000, 0.00000,
11.70000,7020.00000,-0.00000,10000.00000,-0.00000, 2.05761,-0.00000,600.00000, 2.05761, 0.00000,-0.00000,-0.00000,-0.00000, 0.03590,-0.00000, 0.99936, 0.55723,316.40330,1454.59743,2335.75705,-1.88327, 0.00000, 0.00000,
11.80000,7080.00000,-0.00000,10000.00000,-0.00000, 2.05761,-0.00000,600.00000, 2.05761, 0.00000,-0.00000,-0.00000,-0.00000, 0.03590,-0.00000, 0.99936, 0.55723,316.40330,1454.59743,2335.75705,-1.88327, 0.00000, 0.00000,
11.90000,7140.00000,-0.00000,10000.00000,-0.00000, 2.05761,-0.00000,600.00000, 2.05761, 0.00000,-0.00000,-0.00000,-0.00000, 0.03590,-0.00000, 0.99936, 0.55723,316.40330,1454.59743,2335.75705,-1.88327, 0.00000, 0.00000,
12.00000,7200.00000,-0.00000,10000.00000,-0.00000, 2.05761,-0.00000,600.00000, 2.05761, 0.00000,-0.00000,-0.00000,-0.00000, 0.03590,-0.00000, 0.99936, 0.55723,316.40330,1454.59743,2335.75705,-1.88327, 0.00000, 0.00000,
12.10000,7260.00000,-0.00000,10000.00000,-0.00000, 2.05761,-0.00000,600.00000, 2.05761, 0.00000,-0.00000,-0.00000,-0.00000, 0.03590,-0.00000, 0.99936, 0.55723,316.40330,1454.59743,2335.75705,-1.88327, 0.00000, 0.00000,
12.20000,7320.00000,-0.00000,10000.00000,-0.00000, 2.05761,-0.00000,600.00000, 2.05761, 0.00000,-0.00000,-0.00000,-0.00000, 0.03590,-0.00000, 0.99936, 0.55723,316.40330,1454.59743,2335.75705,-1.88327, 0.00000, 0.00000,
12.30000,7380.00000,-0.00000,10000.00000,-0.00000, 2.05761,-0.00000,600.00000, 2.05761, 0.00000,-0.00000,-0.00000,-0.00000, 0.03590,-0.00000, 0.99936, 0.55723,316.40330,1454.59743,2335.75705,-1.88327, 0.00000, 0.00000,
12.40000,7440.00000,-0.00000,10000.00000,-0.00000, 2.05761,-0.00000,600.00000, 2.05761, 0.00000,-0.00000,-0.00000,-0.00000, 0.03590,-0.00000, 0.99936, 0.55723,316.40330,1454.59743,2335.75705,-1.88327, 0.00000, 0.00000,
12.50000,7500.00000,-0.00000,10000.00000,-0.00000, 2.05761,-0.00000,600.00000, 2.05761, 0.00000,-0.00000,-0.00000,-0.00000, 0.03590,-0.00000, 0.99936, 0.55723,316.40330,1454.59743,2335.75705,-1.88327, 0.00000, 0.00000,
12.60000,7560.00000,-0.00000,10000.00000,-0.00000, 2.05761,-0.00000,600.00000, 2.05761, 0.00000,-0.00000,-0.00000,-0.00000, 0.03590,-0.00000, 0.99936, 0.55723,316.40330,1454.59743,2335.75705,-1.88327, 0.00000, 0.00000,
12.70000,7620.00000,-0.00000,10000.00000,-0.00000, 2.05761,-0.00000,600.00000, 2.05761, 0.00000,-0.00000,-0.00000,-0.00000, 0.03590,-0.00000, 0.99936, 0.55723,316.40330,1454.59743,2335.75705,-1.88327, 0.00000, 0.00000,
12.80000,7680.00000,-0.00000,10000.00000,-0.00000, 2.05761,-0.00000,600.00000, 2.05761, 0.00000,-0.00000,-0.00000,-0.00000, 0.03590,-0.00000, 0.99936, 0.55723,316.40330,1454.59743,2335.75705,-1.88327, 0.00000, 0.00000,
12.90000,7740.00000,-0.00000,10000.00000,-0.00000, 2.05761,-0.00000,600.00000, 2.05761, 0.00000,-0.00000,-0.00000,-0.00000, 0.03590,-0.00000, 0.99936, 0.55723,316.40330,1454.59743,2335.75705,-1.88327, 0.00000, 0.00000,
13.00000,7800.00000,-0.00000,10000.00000,-0.00000, 2.05761,-0.00000,600.00000, 2.05761, 0.00000,-0.00000,-0.00000,-0.00000, 0.03590,-0.00000, 0.99936, 0.55723,316.40330,1454.59743,2335.75705,-1.88327, 0.00000, 0.00000,
13.10000,7860.00000,-0.00000,10000.00000,-0.00000, 2.05761,-0.00000,600.00000, 2.05761, 0.00000,-0.00000,-0.00000,-0.00000, 0.03590,-0.00000, 0.99936, 0.55723,316.40330,1454.59743,2335.75705,-1.88327, 0.00000, 0.00000,
13.20000,7920.00000,-0.00000,10000.00000,-0.00000, 2.05761,-0.00000,600.00000, 2.05761, 0.00000,-0.00000,-0.00000,-0.00000, 0.03590,-0.00000, 0.99936, 0.55723,316.40330,1454.59743,2335.75705,-1.88327, 0.00000, 0.00000,
13.30000,7980.00000,-0.00000,10000.00000,-0.00000, 2.05761,-0.00000,600.00000, 2.05761, 0.00000,-0.00000,-0.00000,-0.00000, 0.03590,-0.00000, 0.99936, 0.55723,316.40330,1454.59743,2335.75705,-1.88327, 0.00000, 0.00000,
13.40000,8040.00000,-0.00000,10000.00000,-0.00000, 2.05761,-0.00000,600.00000, 2.05761, 0.00000,-0.00000,-0.00000,-0.00000, 0.03590,-0.00000, 0.99936, 0.55723,316.40330,1454.59743,2335.75705,-1.88327, 0.00000, 0.00000,
13.50000,8100.00000,-0.00000,10000.00000,-0.00000, 2.05761,-0.00000,600.00000, 2.05761, 0.00000,-0.00000,-0.00000,-0.00000, 0.03590,-0.00000, 0.99936, 0.55723,316.40330,1454.59743,2335.75705,-1.88327, 0.00000, 0.00000,
13.60000,8160.00000,-0.00000,10000.00000,-0.00000, 2.05761,-0.00000,600.00000, 2.05761, 0.00000,-0.00000,-0.00000,-0.00000, 0.03590,-0.00000, 0.99936, 0.55723,316.40330,1454.59743,2335.75705,-1.88327, 0.00000, 0.00000,
13.70000,8220.00000,-0.00000,10000.00000,-0.00000, 2.05761,-0.00000,600.00000, 2.05761, 0.00000,-0.00000,-0.00000,-0.00000, 0.03590,-0.00000, 0.99936, 0.55723,316.40330,1454.59743,2335.75705,-1.88327, 0.00000, 0.00000,
13.80000,8280.00000,-0.00000,10000.00000,-0.00000, 2.05761,-0.00000,600.00000, 2.05761, 0.00000,-0.00000,-0.00000,-0.00000, 0.03590,-0.00000, 0.99936, 0.55723,316.40330,1454.59743,2335.75705,-1.88327, 0.00000, 0.00000,
13.90000,8340.00000,-0.00000,10000.00000,-0.00000, 2.05761,-0.00000,600.00000, 2.05761, 0.00000,-0.00000,-0.00000,-0.00000, 0.03590,-0.00000, 0.99936, 0.55723,316.40330,1454.59743,2335.75705,-1.88327, 0.00000, 0.00000,
14.00000,8400.00000,-0.00000,10000.00000,-0.00000, 2.05761,-0.00000,600.00000, 2.05761, 0.00000,-0.00000,-0.00000,-0.00000, 0.03590,-0.00000, 0.99936, 0.55723,316.40330,1454.59743,2335.75705,-1.88327, 0.00000, 0.00000,
14.10000,8460.00000,-0.00000,10000.00000,-0.00000, 2.05761,-0.00000,600.00000, 2.05761, 0.00000,-0.00000,-0.00000,-0.00000, 0.03590,-0.00000, 0.99936, 0.55723,316.40330,1454.59743,2335.75705,-1.88327, 0.00000, 0.00000,
14.20000,8520.00000,-0.00000,10000.00000,-0.00000, 2.05761,-0.00000,600.00000, 2.05761, 0.00000,-0.00000,-0.00000,-0.00000, 0.03590,-0.00000, 0.99936, 0.55723,316.40330,1454.59743,2335.75705,-1.88327, 0.00000, 0.00000,
14.30000,8580.00000,-0.00000,10000.00000,-0.00000, 2.05761,-0.00000,600.00000, 2.05761, 0.00000,-0.00000,-0.00000,-0.00000, 0.03590,-0.00000, 0.99936, 0.55723,316.40330,1454.59743,2335.75705,-1.88327, 0.00000, 0.00000,
14.40000,8640.00000,-0.00000,10000.00000,-0.00000, 2.05761,-0.00000,600.00000, 2.05761, 0.00000,-0.00000,-0.00000,-0.00000, 0.03590,-0.00000, 0.99936, 0.55723,316.40330,1454.59743,2335.75705,-1.88327, 0.00000, 0.00000,
14.50000,8700.00000,-0.00000,10000.00000,-0.00000, 2.05761,-0.00000,600.00000, 2.05761, 0.00000,-0.00000,-0.00000,-0.00000, 0.03590,-0.00000, 0.99936, 0.55723,316.40330,1454.59743,2335.75705,-1.88327, 0.00000, 0.00000,
14.60000,8760.00000,-0.00000,10000.00000,-0.00000, 2.05761,-0.00000,600.00000, 2.05761, 0.00000,-0.00000,-0.00000,-0.00000, 0.03590,-0.00000, 0.99936, 0.55723,316.40330,1454.59743,2335.75705,-1.88327, 0.00000, 0.00000,
14.70000,8820.00000,-0.00000,10000.00000,-0.00000, 2.05761,-0.00000,600.00000, 2.05761, 0.00000,-0.00000,-0.00000,-0.00000, 0.03590,-0.00000, 0.99936, 0.55723,316.40330,1454.59743,2335.75705,-1.88327, 0.00000, 0.00000,
14.80000,8880.00000,-0.00000,10000.00000,-0.00000, 2.05761,-0.00000,600.00000, 2.05761, 0.00000,-0.00000,-0.00000,-0.00000, 0.03590,-0.00000, 0.99936, 0.55723,316.40330,1454.59743,2335.75705,-1.88327, 0.00000, 0.00000,
14.90000,8940.00000,-0.00000,10000.00000,-0.00000, 2.05761,-0.00000,600.00000, 2.05761, 0.00000,-0.00000,-0.00000,-0.00000, 0.03590,-0.00000, 0.99936, 0.55723,316.40330,1454.59743,2335.75705,-1.88327, 0.00000, 0.00000,
15.00000,9000.00000,-0.00000,10000.00000,-0.00000, 2.05761,-0.00000,600.00000, 2.05761, 0.00000,-0.00000,-0.00000,-0.00000, 0.03590,-0.00000, 0.99936, 0.55723,316.40330,1454.59743,2335.75705,-1.88327, 0.00000, 0.00000,
15.10000,9060.00000,-0.00000,10000.00000,-0.00000, 2.05761,-0.00000,600.00000, 2.05761, 0.00000,-0.00000,-0.00000,-0.00000, 0.03590,-0.00000, 0.99936, 0.55723,316.40330,1454.59743,2335.75705,-1.88327, 0.00000, 0.00000,
15.20000,9120.00000,-0.00000,10000.00000,-0.00000, 2.05761,-0.00000,600.00000, 2.05761, 0.00000,-0.00000,-0.00000,-0.00000, 0.03590,-0.00000, 0.99936, 0.55723,316.40330,1454.59743,2335.75705,-1.88327, 0.00000, 0.00000,
15.30000,9180.00000,-0.00000,10000.00000,-0.00000, 2.05761,-0.00000,600.00000, 2.05761, 0.00000,-0.00000,-0.00000,-0.00000, 0.03590,-0.00000, 0.99936, 0.55723,316.40330,1454.59743,2335.75705,-1.88327, 0.00000, 0.00000,
15.40000,9240.00000,-0.00000,10000.00000,-0.00000, 2.05761,-0.00000,600.00000, 2.05761, 0.00000,-0.00000,-0.00000,-0.00000, 0.03590,-0.00000, 0.99936, 0.55723,316.40330,1454.59743,2335.75705,-1.88327, 0.00000, 0.00000,
15.50000,9300.00000,-0.00000,10000.00000,-0.00000, 2.05761,-0.00000,600.00000, 2.05761, 0.00000,-0.00000,-0.00000,-0.00000, 0.03590,-0.00000, 0.99936, 0.55723,316.40330,1454.59743,2335.75705,-1.88327, 0.00000, 0.00000,
15.60000,9360.00000,-0.00000,10000.00000,-0.00000, 2.05761,-0.00000,600.00000, 2.05761, 0.00000,-0.00000,-0.00000,-0.00000, 0.03590,-0.00000, 0.99936, 0.55723,316.40330,1454.59743,2335.75705,-1.88327, 0.00000, 0.00000,
15.70000,9420.00000,-0.00000,10000.00000,-0.00000, 2.05761,-0.00000,600.00000, 2.05761, 0.00000,-0.00000,-0.00000,-0.00000, 0.03590,-0.00000, 0.99936, 0.55723,316.40330,1454.59743,2335.75705,-1.88327, 0.00000, 0.00000,
15.80000,9480.00000,-0.00000,10000.00000,-0.00000, 2.05761,-0.00000,600.00000, 2.05761, 0.00000,-0.00000,-0.00000,-0.00000, 0.03590,-0.00000, 0.99936, 0.55723,316.40330,1454.59743,2335.75705,-1.88327, 0.00000, 0.00000,
15.90000,9540.00000,-0.00000,10000.00000,-0.00000, 2.05761,-0.00000,600.00000, 2.05761, 0.00000,-0.00000,-0.00000,-0.00000, 0.03590,-0.00000, 0.99936, 0.55723,316.40330,1454.59743,2335.75705,-1.88327, 0.00000, 0.00000,
16.00000,9600.00000,-0.00000,10000.00000,-0.00000, 2.05761,-0.00000,600.00000, 2.05761, 0.00000,-0.00000,-0.00000,-0.00000, 0.03590,-0.00000, 0.99936, 0.55723,316.40330,1454.59743,2335.75705,-1.88327, 0.00000, 0.00000,
16.10000,9660.00000,-0.00000,10000.00000,-0.00000, 2.05761,-0.00000,600.00000, 2.05761, 0.00000,-0.00000,-0.00000,-0.00000, 0.03590,-0.00000, 0.99936, 0.55723,316.40330,1454.59743,2335.75705,-1.88327, 0.00000, 0.00000,
16.20000,9720.00000,-0.00000,10000.00000,-0.00000, 2.05761,-0.00000,600.00000, 2.05761, 0.00000,-0.00000,-0.00000,-0.00000, 0.03590,-0.00000, 0.99936, 0.55723,316.40330,1454.59743,2335.75705,-1.88327, 0.00000, 0.00000,
16.30000,9780.00000,-0.00000,10000.00000,-0.00000, 2.05761,-0.00000,600.00000, 2.05761, 0.00000,-0.00000,-0.00000,-0.00000, 0.03590,-0.00000, 0.99936, 0.55723,316.40330,1454.59743,2335.75705,-1.88327, 0.00000, 0.00000,
16.40000,9840.00000,-0.00000,10000.00000,-0.00000, 2.05761,-0.00000,600.00000, 2.05761, 0.00000,-0.00000,-0.00000,-0.00000, 0.03590,-0.00000, 0.99936, 0.55723,316.40330,1454.59743,2335.75705,-1.88327, 0.00000, 0.00000,
16.50000,9900.00000,-0.00000,10000.00000,-0.00000, 2.05761,-0.00000,600.00000, 2.05761, 0.00000,-0.00000,-0.00000,-0.00000, 0.03590,-0.00000, 0.99936, 0.55723,316.40330,1454.59743,2335.75705,-1.88327, 0.00000, 0.00000,
16.60000,9960.00000,-0.00000,10000.00000,-0.00000, 2.05761,-0.00000,600.00000, 2.05761, 0.00000,-0.00000,-0.00000,-0.00000, 0.03590,-0.00000, 0.99936, 0.55723,316.40330,1454.59743,2335.75705,-1.88327, 0.00000, 0.00000,
16.70000,10020.00000,-0.00000,10000.00000,-0.00000, 2.05761,-0.00000,600.00000, 2.05761, 0.00000,-0.00000,-0.00000,-0.00000, 0.03590,-0.00000, 0.99936, 0.55723,316.40330,1454.59743,2335.75705,-1.88327, 0.00000, 0.00000,
16.80000,10080.00000,-0.00000,10000.00000,-0.00000, 2.05761,-0.00000,600.00000, 2.05761, 0.00000,-0.00000,-0.00000,-0.00000, 0.03590,-0.00000, 0.99936, 0.55723,316.40330,1454.59743,2335.75705,-1.88327, 0.00000, 0.00000,
16.90000,10140.00000,-0.00000,10000.00000,-0.00000, 2.05761,-0.00000,600.00000, 2.05761, 0.00000,-0.00000,-0.00000,-0.00000, 0.03590,-0.00000, 0.99936, 0.55723,316.40330,1454.59743,2335.75705,-1.88327, 0.00000, 0.00000,
17.00000,10200.00000,-0.00000,10000.00000,-0.00000, 2.05761,-0.00000,600.00000, 2.05761, 0.00000,-0.00000,-0.00000,-0.00000, 0.03590,-0.00000, 0.99936, 0.55723,316.40330,1454.59743,2335.75705,-1.88327, 0.00000, 0.00000,
17.10000,10260.00000,-0.00000,10000.00000,-0.00000, 2.05761,-0.00000,600.00000, 2.05761, 0.00000,-0.00000,-0.00000,-0.00000, 0.03590,-0.00000, 0.99936, 0.55723,316.40330,1454.59743,2335.75705,-1.88327, 0.00000, 0.00000,
17.20000,10320.00000,-0.00000,10000.00000,-0.00000, 2.05761,-0.00000,600.00000, 2.05761, 0.00000,-0.00000,-0.00000,-0.00000, 0.03590,-0.00000, 0.99936, 0.55723,316.40330,1454.59743,2335.75705,-1.88327, 0.00000, 0.00000,
17.30000,10380.00000,-0.00000,10000.00000,-0.00000, 2.05761,-0.00000,600.00000, 2.05761, 0.00000,-0.00000,-0.00000,-0.00000, 0.03590,-0.00000, 0.99936, 0.55723,316.40330,1454.59743,2335.75705,-1.88327, 0.00000, 0.00000,
17.40000,10440.00000,-0.00000,10000.00000,-0.00000, 2.05761,-0.00000,600.00000, 2.05761, 0.00000,-0.00000,-0.00000,-0.00000, 0.03590,-0.00000, 0.99936, 0.55723,316.40330,1454.59743,2335.75705,-1.88327, 0.00000, 0.00000,
17.50000,10500.00000,-0.00000,10000.00000,-0.00000, 2.05761,-0.00000,600.00000, 2.05761, 0.00000,-0.00000,-0.00000,-0.00000, 0.03590,-0.00000, 0.99936, 0.55723,316.40330,1454.59743,2335.75705,-1.88327, 0.00000, 0.00000,
17.60000,10560.00000,-0.00000,10000.00000,-0.00000, 2.05761,-0.00000,600.00000, 2.05761, 0.00000,-0.00000,-0.00000,-0.00000, 0.03590,-0.00000, 0.99936, 0.55723,316.40330,1454.59743,2335.75705,-1.88327, 0.00000, 0.00000,
17.70000,10620.00000,-0.00000,10000.00000,-0.00000, 2.05761,-0.00000,600.00000, 2.05761, 0.00000,-0.00000,-0.00000,-0.00000, 0.03590,-0.00000, 0.99936, 0.55723,316.40330,1454.59743,2335.75705,-1.88327, 0.00000, 0.00000,
17.80000,10680.00000,-0.00000,10000.00000,-0.00000, 2.05761,-0.00000,600.00000, 2.05761, 0.00000,-0.00000,-0.00000,-0.00000, 0.03590,-0.00000, 0.99936, 0.55723,316.40330,1454.59743,2335.75705,-1.88327, 0.00000, 0.00000,
17.90000,10740.00000,-0.00000,10000.00000,-0.00000, 2.05761,-0.00000,600.00000, 2.05761, 0.00000,-0.00000,-0.00000,-0.00000, 0.03590,-0.00000, 0.99936, 0.55723,316.40330,1454.59743,2335.75705,-1.88327, 0.00000, 0.00000,
18.00000,10800.00000,-0.00000,10000.00000,-0.00000, 2.05761,-0.00000,600.00000, 2.05761, 0.00000,-0.00000,-0.00000,-0.00000, 0.03590,-0.00000, 0.99936, 0.55723,316.40330,1454.59743,2335.75705,-1.88327, 0.00000, 0.00000,
18.10000,10860.00000,-0.00000,10000.00000,-0.00000, 2.05761,-0.00000,600.00000, 2.05761, 0.00000,-0.00000,-0.00000,-0.00000, 0.03590,-0.00000, 0.99936, 0.55723,316.40330,1454.59743,2335.75705,-1.88327, 0.00000, 0.00000,
18.20000,10920.00000,-0.00000,10000.00000,-0.00000, 2.05761,-0.00000,600.00000, 2.05761, 0.00000,-0.00000,-0.00000,-0.00000, 0.03590,-0.00000, 0.99936, 0.55723,316.40330,1454.59743,2335.75705,-1.88327, 0.00000, 0.00000,
18.30000,10980.00000,-0.00000,10000.00000,-0.00000, 2.05761,-0.00000,600.00000, 2.05761, 0.00000,-0.00000,-0.00000,-0.00000, 0.03590,-0.00000, 0.99936, 0.55723,316.40330,1454.59743,2335.75705,-1.88327, 0.00000, 0.00000,
18.40000,11040.00000,-0.00000,10000.00000,-0.00000, 2.05761,-0.00000,600.00000, 2.05761, 0.00000,-0.00000,-0.00000,-0.00000, 0.03590,-0.00000, 0.99936, 0.55723,316.40330,1454.59743,2335.75705,-1.88327, 0.00000, 0.00000,
18.50000,11100.00000,-0.00000,10000.00000,-0.00000, 2.05761,-0.00000,600.00000, 2.05761, 0.00000,-0.00000,-0.00000,-0.00000, 0.03590,-0.00000, 0.99936, 0.55723,316.40330,1454.59743,2335.75705,-1.88327, 0.00000, 0.00000,
18.60000,11160.00000,-0.00000,10000.00000,-0.00000, 2.05761,-0.00000,600.00000, 2.05761, 0.00000,-0.00000,-0.00000,-0.00000, 0.03590,-0.00000, 0.99936, 0.55723,316.40330,1454.59743,2335.75705,-1.88327, 0.00000, 0.00000,
18.70000,11220.00000,-0.00000,10000.00000,-0.00000, 2.05761,-0.00000,600.00000, 2.05761, 0.00000,-0.00000,-0.00000,-0.00000, 0.03590,-0.00000, 0.99936, 0.55723,316.40330,1454.59743,2335.75705,-1.88327, 0.00000, 0.00000,
18.80000,11280.00000,-0.00000,10000.00000,-0.00000, 2.05761,-0.00000,600.00000, 2.05761, 0.00000,-0.00000,-0.00000,-0.00000, 0.03590,-0.00000, 0.99936, 0.55723,316.40330,1454.59743,2335.75705,-1.88327, 0.00000, 0.00000,
18.90000,11340.00000,-0.00000,10000.00000,-0.00000, 2.05761,-0.00000,600.00000, 2.05761, 0.00000,-0.00000,-0.00000,-0.00000, 0.03590,-0.00000, 0.99936, 0.55723,316.40330,1454.59743,2335.75705,-1.88327, 0.00000, 0.00000,
19.00000,11400.00000,-0.00000,10000.00000,-0.00000, 2.05761,-0.00000,600.00000, 2.05761, 0.00000,-0.00000,-0.00000,-0.00000, 0.03590,-0.00000, 0.99936, 0.55723,316.40330,1454.59743,2335.75705,-1.88327, 0.00000, 0.00000,
19.10000,11460.00000,-0.00000,10000.00000,-0.00000, 2.05761,-0.00000,600.00000, 2.05761, 0.00000,-0.00000,-0.00000,-0.00000, 0.03590,-0.00000, 0.99936, 0.55723,316.40330,1454.59743,2335.75705,-1.88327, 0.00000, 0.00000,
19.20000,11520.00000,-0.00000,10000.00000,-0.00000, 2.05761,-0.00000,600.00000, 2.05761, 0.00000,-0.00000,-0.00000,-0.00000, 0.03590,-0.00000, 0.99936, 0.55723,316.40330,1454.59743,2335.75705,-1.88327, 0.00000, 0.00000,
19.30000,11580.00000,-0.00000,10000.00000,-0.00000, 2.05761,-0.00000,600.00000, 2.05761, 0.00000,-0.00000,-0.00000,-0.00000, 0.03590,-0.00000, 0.99936, 0.55723,316.40330,1454.59743,2335.75705,-1.88327, 0.00000, 0.00000,
19.40000,11640.00000,-0.00000,10000.00000,-0.00000, 2.05761,-0.00000,600.00000, 2.05761, 0.00000,-0.00000,-0.00000,-0.00000, 0.03590,-0.00000, 0.99936, 0.55723,316.40330,1454.59743,2335.75705,-1.88327, 0.00000, 0.00000,
19.50000,11700.00000,-0.00000,10000.00000,-0.00000, 2.05761,-0.00000,600.00000, 2.05761, 0.00000,-0.00000,-0.00000,-0.00000, 0.03590,-0.00000, 0.99936, 0.55723,316.40330,1454.59743,2335.75705,-1.88327, 0.00000, 0.00000,
19.60000,11760.00000,-0.00000,10000.00000,-0.00000, 2.05761,-0.00000,600.00000, 2.05761, 0.00000,-0.00000,-0.00000,-0.00000, 0.03590,-0.00000, 0.99936, 0.55723,316.40330,1454.59743,2335.75705,-1.88327, 0.00000, 0.00000,
19.70000,11820.00000,-0.00000,10000.00000,-0.00000, 2.05761,-0.00000,600.00000, 2.05761, 0.00000,-0.00000,-0.00000,-0.00000, 0.03590,-0.00000, 0.99936, 0.55723,316.40330,1454.59743,2335.75705,-1.88327, 0.00000, 0.00000,
19.80000,11880.00000,-0.00000,10000.00000,-0.00000, 2.05761,-0.00000,600.00000, 2.05761, 0.00000,-0.00000,-0.00000,-0.00000, 0.03590,-0.00000, 0.99936, 0.55723,316.40330,1454.59743,2335.75705,-1.88327, 0.00000, 0.00000,
19.90000,11940.00000,-0.00000,10000.00000,-0.00000, 2.05761,-0.00000,600.00000, 2.05761, 0.00000,-0.00000,-0.00000,-0.00000, 0.03590,-0.00000, 0.99936, 0.55723,316.40330,1454.59743,2335.75705,-1.88327, 0.00000, 0.00000,
20.00000,12000.00000,-0.00000,10000.00000,-0.00000, 2.05761,-0.00000,600.00000, 2.05761, 0.00000,-0.00000,-0.00000,-0.00000, 0.03590,-0.00000, 0.99936, 0.55723,316.40330,1454.59743,2335.75705,-1.88327, 0.00000, 0.00000,
20.10000,12060.00000,-0.00000,10000.00000,-0.00000, 2.05761,-0.00000,600.00000, 2.05761, 0.00000,-0.00000,-0.00000,-0.00000, 0.03590,-0.00000, 0.99936, 0.55723,316.40330,1454.59743,2335.75705,-1.88327, 0.00000, 0.00000,
20.20000,12120.00000,-0.00000,10000.00000,-0.00000, 2.05761,-0.00000,600.00000, 2.05761, 0.00000,-0.00000,-0.00000,-0.00000, 0.03590,-0.00000, 0.99936, 0.55723,316.40330,1454.59743,2335.75705,-1.88327, 0.00000, 0.00000,
20.30000,12180.00000,-0.00000,10000.00000,-0.00000, 2.05761,-0.00000,600.00000, 2.05761, 0.00000,-0.00000,-0.00000,-0.00000, 0.03590,-0.00000, 0.99936, 0.55723,316.40330,1454.59743,2335.75705,-1.88327, 0.00000, 0.00000,
20.40000,12240.00000,-0.00000,10000.00000,-0.00000, 2.05761,-0.00000,600.00000, 2.05761, 0.00000,-0.00000,-0.00000,-0.00000, 0.03590,-0.00000, 0.99936, 0.55723,316.40330,1454.59743,2335.75705,-1.88327, 0.00000, 0.00000,
20.50000,12300.00000,-0.00000,10000.00000,-0.00000, 2.05761,-0.00000,600.00000, 2.05761, 0.00000,-0.00000,-0.00000,-0.00000, 0.03590,-0.00000, 0.99936, 0.55723,316.40330,1454.59743,2335.75705,-1.88327, 0.00000, 0.00000,
20.60000,12360.00000,-0.00000,10000.00000,-0.00000, 2.05761,-0.00000,600.00000, 2.05761, 0.00000,-0.00000,-0.00000,-0.00000, 0.03590,-0.00000, 0.99936, 0.55723,316.40330,1454.59743,2335.75705,-1.88327, 0.00000, 0.00000,
20.70000,12420.00000,-0.00000,10000.00000,-0.00000, 2.05761,-0.00000,600.00000, 2.05761, 0.00000,-0.00000,-0.00000,-0.00000, 0.03590,-0.00000, 0.99936, 0.55723,316.40330,1454.59743,2335.75705,-1.88327, 0.00000, 0.00000,
20.80000,12480.00000,-0.00000,10000.00000,-0.00000, 2.05761,-0.00000,600.00000, 2.05761, 0.00000,-0.00000,-0.00000,-0.00000, 0.03590,-0.00000, 0.99936, 0.55723,316.40330,1454.59743,2335.75705,-1.88327, 0.00000, 0.00000,
20.90000,12540.00000,-0.00000,10000.00000,-0.00000, 2.05761,-0.00000,600.00000, 2.05761, 0.00000,-0.00000,-0.00000,-0.00000, 0.03590,-0.00000, 0.99936, 0.55723,316.40330,1454.59743,2335.75705,-1.88327, 0.00000, 0.00000,
21.00000,12600.00000,-0.00000,10000.00000,-0.00000, 2.05761,-0.00000,600.00000, 2.05761, 0.00000,-0.00000,-0.00000,-0.00000, 0.03590,-0.00000, 0.99936, 0.55723,316.40330,1454.59743,2335.75705,-1.88327, 0.00000, 0.00000,
21.10000,12660.00000,-0.00000,10000.00000,-0.00000, 2.05761,-0.00000,600.00000, 2.05761, 0.00000,-0.00000,-0.00000,-0.00000, 0.03590,-0.00000, 0.99936, 0.55723,316.40330,1454.59743,2335.75705,-1.88327, 0.00000, 0.00000,
21.20000,12720.00000,-0.00000,10000.00000,-0.00000, 2.05761,-0.00000,600.00000, 2.05761, 0.00000,-0.00000,-0.00000,-0.00000, 0.03590,-0.00000, 0.99936, 0.55723,316.40330,1454.59743,2335.75705,-1.88327, 0.00000, 0.00000,
21.30000,12780.00000,-0.00000,10000.00000,-0.00000, 2.05761,-0.00000,600.00000, 2.05761, 0.00000,-0.00000,-0.00000,-0.00000, 0.03590,-0.00000, 0.99936, 0.55723,316.40330,1454.59743,2335.75705,-1.88327, 0.00000, 0.00000,
21.40000,12840.00000,-0.00000,10000.00000,-0.00000, 2.05761,-0.00000,600.00000, 2.05761, 0.00000,-0.00000,-0.00000,-0.00000, 0.03590,-0.00000, 0.99936, 0.55723,316.40330,1454.59743,2335.75705,-1.88327, 0.00000, 0.00000,
21.50000,12900.00000,-0.00000,10000.00000,-0.00000, 2.05761,-0.00000,600.00000, 2.05761, 0.00000,-0.00000,-0.00000,-0.00000, 0.03590,-0.00000, 0.99936, 0.55723,316.40330,1454.59743,2335.75705,-1.88327, 0.00000, 0.00000,
21.60000,12960.00000,-0.00000,10000.00000,-0.00000, 2.05761,-0.00000,600.00000, 2.05761, 0.00000,-0.00000,-0.00000,-0.00000, 0.03590,-0.00000, 0.99936, 0.55723,316.40330,1454.59743,2335.75705,-1.88327, 0.00000, 0.00000,
21.70000,13020.00000,-0.00000,10000.00000,-0.00000, 2.05761,-0.00000,600.00000, 2.05761, 0.00000,-0.00000,-0.00000,-0.00000, 0.03590,-0.00000, 0.99936, 0.55723,316.40330,1454.59743,2335.75705,-1.88327, 0.00000, 0.00000,
21.80000,13080.00000,-0.00000,10000.00000,-0.00000, 2.05761,-0.00000,600.00000, 2.05761, 0.00000,-0.00000,-0.00000,-0.00000, 0.03590,-0.00000, 0.99936, 0.55723,316.40330,1454.59743,2335.75705,-1.88327, 0.00000, 0.00000,
21.90000,13140.00000,-0.00000,10000.00000,-0.00000, 2.05761,-0.00000,600.00000, 2.05761, 0.00000,-0.00000,-0.00000,-0.00000, 0.03590,-0.00000, 0.99936, 0.55723,316.40330,1454.59743,2335.75705,-1.88327, 0.00000, 0.00000,
22.00000,13200.00000,-0.00000,10000.00000,-0.00000, 2.05761,-0.00000,600.00000, 2.05761, 0.00000,-0.00000,-0.00000,-0.00000, 0.03590,-0.00000, 0.99936, 0.55723,316.40330,1454.59743,2335.75705,-1.88327, 0.00000, 0.00000,
22.10000,13260.00000,-0.00000,10000.00000,-0.00000, 2.05761,-0.00000,600.00000, 2.05761, 0.00000,-0.00000,-0.00000,-0.00000, 0.03590,-0.00000, 0.99936, 0.55723,316.40330,1454.59743,2335.75705,-1.88327, 0.00000, 0.00000,
22.20000,13320.00000,-0.00000,10000.00000,-0.00000, 2.05761,-0.00000,600.00000, 2.05761, 0.00000,-0.00000,-0.00000,-0.00000, 0.03590,-0.00000, 0.99936, 0.55723,316.40330,1454.59743,2335.75705,-1.88327, 0.00000, 0.00000,
22.30000,13380.00000,-0.00000,10000.00000,-0.00000, 2.05761,-0.00000,600.00000, 2.05761, 0.00000,-0.00000,-0.00000,-0.00000, 0.03590,-0.00000, 0.99936, 0.55723,316.40330,1454.59743,2335.75705,-1.88327, 0.00000, 0.00000,
22.40000,13440.00000,-0.00000,10000.00000,-0.00000, 2.05761,-0.00000,600.00000, 2.05761, 0.00000,-0.00000,-0.00000,-0.00000, 0.03590,-0.00000, 0.99936, 0.55723,316.40330,1454.59743,2335.75705,-1.88327, 0.00000, 0.00000,
22.50000,13500.00000,-0.00000,10000.00000,-0.00000, 2.05761,-0.00000,600.00000, 2.05761, 0.00000,-0.00000,-0.00000,-0.00000, 0.03590,-0.00000, 0.99936, 0.55723,316.40330,1454.59743,2335.75705,-1.88327, 0.00000, 0.00000,
22.60000,13560.00000,-0.00000,10000.00000,-0.00000, 2.05761,-0.00000,600.00000, 2.05761, 0.00000,-0.00000,-0.00000,-0.00000, 0.03590,-0.00000, 0.99936, 0.55723,316.40330,1454.59743,2335.75705,-1.88327, 0.00000, 0.00000,
22.70000,13620.00000,-0.00000,10000.00000,-0.00000, 2.05761,-0.00000,600.00000, 2.05761, 0.00000,-0.00000,-0.00000,-0.00000, 0.03590,-0.00000, 0.99936, 0.55723,316.40330,1454.59743,2335.75705,-1.88327, 0.00000, 0.00000,
22.80000,13680.00000,-0.00000,10000.00000,-0.00000, 2.05761,-0.00000,600.00000, 2.05761, 0.00000,-0.00000,-0.00000,-0.00000, 0.03590,-0.00000, 0.99936, 0.55723,316.40330,1454.59743,2335.75705,-1.88327, 0.00000, 0.00000,
22.90000,13740.00000,-0.00000,10000.00000,-0.00000, 2.05761,-0.00000,600.00000, 2.05761, 0.00000,-0.00000,-0.00000,-0.00000, 0.03590,-0.00000, 0.99936, 0.55723,316.40330,1454.59743,2335.75705,-1.88327, 0.00000, 0.00000,
23.00000,13800.00000,-0.00000,10000.00000,-0.00000, 2.05761,-0.00000,600.00000, 2.05761, 0.00000,-0.00000,-0.00000,-0.00000, 0.03590,-0.00000, 0.99936, 0.55723,316.40330,1454.59743,2335.75705,-1.88327, 0.00000, 0.00000,
23.10000,13860.00000,-0.00000,10000.00000,-0.00000, 2.05761,-0.00000,600.00000, 2.05761, 0.00000,-0.00000,-0.00000,-0.00000, 0.03590,-0.00000, 0.99936, 0.55723,316.40330,1454.59743,2335.75705,-1.88327, 0.00000, 0.00000,
23.20000,13920.00000,-0.00000,10000.00000,-0.00000, 2.05761,-0.00000,600.00000, 2.05761, 0.00000,-0.00000,-0.00000,-0.00000, 0.03590,-0.00000, 0.99936, 0.55723,316.40330,1454.59743,2335.75705,-1.88327, 0.00000, 0.00000,
23.30000,13980.00000,-0.00000,10000.00000,-0.00000, 2.05761,-0.00000,600.00000, 2.05761, 0.00000,-0.00000,-0.00000,-0.00000, 0.03590,-0.00000, 0.99936, 0.55723,316.40330,1454.59743,2335.75705,-1.88327, 0.00000, 0.00000,
23.40000,14040.00000,-0.00000,10000.00000,-0.00000, 2.05761,-0.00000,600.00000, 2.05761, 0.00000,-0.00000,-0.00000,-0.00000, 0.03590,-0.00000, 0.99936, 0.55723,316.40330,1454.59743,2335.75705,-1.88327, 0.00000, 0.00000,
23.50000,14100.00000,-0.00000,10000.00000,-0.00000, 2.05761,-0.00000,600.00000, 2.05761, 0.00000,-0.00000,-0.00000,-0.00000, 0.03590,-0.00000, 0.99936, 0.55723,316.40330,1454.59743,2335.75705,-1.88327, 0.00000, 0.00000,
23.60000,14160.00000,-0.00000,10000.00000,-0.00000, 2.05761,-0.00000,600.00000, 2.05761, 0.00000,-0.00000,-0.00000,-0.00000, 0.03590,-0.00000, 0.99936, 0.55723,316.40330,1454.59743,2335.75705,-1.88327, 0.00000, 0.00000,
23.70000,14220.00000,-0.00000,10000.00000,-0.00000, 2.05761,-0.00000,600.00000, 2.05761, 0.00000,-0.00000,-0.00000,-0.00000, 0.03590,-0.00000, 0.99936, 0.55723,316.40330,1454.59743,2335.75705,-1.88327, 0.00000, 0.00000,
23.80000,14280.00000,-0.00000,10000.00000,-0.00000, 2.05761,-0.00000,600.00000, 2.05761, 0.00000,-0.00000,-0.00000,-0.00000, 0.03590,-0.00000, 0.99936, 0.55723,316.40330,1454.59743,2335.75705,-1.88327, 0.00000, 0.00000,
23.90000,14340.00000,-0.00000,10000.00000,-0.00000, 2.05761,-0.00000,600.00000, 2.05761, 0.00000,-0.00000,-0.00000,-0.00000, 0.03590,-0.00000, 0.99936, 0.55723,316.40330,1454.59743,2335.75705,-1.88327, 0.00000, 0.00000,
24.00000,14400.00000,-0.00000,10000.00000,-0.00000, 2.05761,-0.00000,600.00000, 2.05761, 0.00000,-0.00000,-0.00000,-0.00000, 0.03590,-0.00000, 0.99936, 0.55723,316.40330,1454.59743,2335.75705,-1.88327, 0.00000, 0.00000,
24.10000,14460.00000,-0.00000,10000.00000,-0.00000, 2.05761,-0.00000,600.00000, 2.05761, 0.00000,-0.00000,-0.00000,-0.00000, 0.03590,-0.00000, 0.99936, 0.55723,316.40330,1454.59743,2335.75705,-1.88327, 0.00000, 0.00000,
24.20000,14520.00000,-0.00000,10000.00000,-0.00000, 2.05761,-0.00000,600.00000, 2.05761, 0.00000,-0.00000,-0.00000,-0.00000, 0.03590,-0.00000, 0.99936, 0.55723,316.40330,1454.59743,2335.75705,-1.88327, 0.00000, 0.00000,
24.30000,14580.00000,-0.00000,10000.00000,-0.00000, 2.05761,-0.00000,600.00000, 2.05761, 0.00000,-0.00000,-0.00000,-0.00000, 0.03590,-0.00000, 0.99936, 0.55723,316.40330,1454.59743,2335.75705,-1.88327, 0.00000, 0.00000,
24.40000,14640.00000,-0.00000,10000.00000,-0.00000, 2.05761,-0.00000,600.00000, 2.05761, 0.00000,-0.00000,-0.00000,-0.00000, 0.03590,-0.00000, 0.99936, 0.55723,316.40330,1454.59743,2335.75705,-1.88327, 0.00000, 0.00000,
24.50000,14700.00000,-0.00000,10000.00000,-0.00000, 2.05761,-0.00000,600.00000, 2.05761, 0.00000,-0.00000,-0.00000,-0.00000, 0.03590,-0.00000, 0.99936, 0.55723,316.40330,1454.59743,2335.75705,-1.88327, 0.00000, 0.00000,
24.60000,14760.00000,-0.00000,10000.00000,-0.00000, 2.05761,-0.00000,600.00000, 2.05761, 0.00000,-0.00000,-0.00000,-0.00000, 0.03590,-0.00000, 0.99936, 0.55723,316.40330,1454.59743,2335.75705,-1.88327, 0.00000, 0.00000,
24.70000,14820.00000,-0.00000,10000.00000,-0.00000, 2.05761,-0.00000,600.00000, 2.05761, 0.00000,-0.00000,-0.00000,-0.00000, 0.03590,-0.00000, 0.99936, 0.55723,316.40330,1454.59743,2335.75705,-1.88327, 0.00000, 0.00000,
24.80000,14880.00000,-0.00000,10000.00000,-0.00000, 2.05761,-0.00000,600.00000, 2.05761, 0.00000,-0.00000,-0.00000,-0.00000, 0.03590,-0.00000, 0.99936, 0.55723,316.40330,1454.59743,2335.75705,-1.88327, 0.00000, 0.00000,
24.90000,14940.00000,-0.00000,10000.00000,-0.00000, 2.05761,-0.00000,600.00000, 2.05761, 0.00000,-0.00000,-0.00000,-0.00000, 0.03590,-0.00000, 0.99936, 0.55723,316.40330,1454.59743,2335.75705,-1.88327, 0.00000, 0.00000,
25.00000,15000.00000,-0.00000,10000.00000,-0.00000, 2.05761,-0.00000,600.00000, 2.05761, 0.00000,-0.00000,-0.00000,-0.00000, 0.03590,-0.00000, 0.99936, 0.55723,316.40330,1454.59743,2335.75705,-1.88327, 0.00000, 0.00000,
25.10000,15060.00000,-0.00000,10000.00000,-0.00000, 2.05761,-0.00000,600.00000, 2.05761, 0.00000,-0.00000,-0.00000,-0.00000, 0.03590,-0.00000, 0.99936, 0.55723,316.40330,1454.59743,2335.75705,-1.88327, 0.00000, 0.00000,
25.20000,15120.00000,-0.00000,10000.00000,-0.00000, 2.05761,-0.00000,600.00000, 2.05761, 0.00000,-0.00000,-0.00000,-0.00000, 0.03590,-0.00000, 0.99936, 0.55723,316.40330,1454.59743,2335.75705,-1.88327, 0.00000, 0.00000,
25.30000,15180.00000,-0.00000,10000.00000,-0.00000, 2.05761,-0.00000,600.00000, 2.05761, 0.00000,-0.00000,-0.00000,-0.00000, 0.03590,-0.00000, 0.99936, 0.55723,316.40330,1454.59743,2335.75705,-1.88327, 0.00000, 0.00000,
25.40000,15240.00000,-0.00000,10000.00000,-0.00000, 2.05761,-0.00000,600.00000, 2.05761, 0.00000,-0.00000,-0.00000,-0.00000, 0.03590,-0.00000, 0.99936, 0.55723,316.40330,1454.59743,2335.75705,-1.88327, 0.00000, 0.00000,
25.50000,15300.00000,-0.00000,10000.00000,-0.00000, 2.05761,-0.00000,600.00000, 2.05761, 0.00000,-0.00000,-0.00000,-0.00000, 0.03590,-0.00000, 0.99936, 0.55723,316.40330,1454.59743,2335.75705,-1.88327, 0.00000, 0.00000,
25.60000,15360.00000,-0.00000,10000.00000,-0.00000, 2.05761,-0.00000,600.00000, 2.05761, 0.00000,-0.00000,-0.00000,-0.00000, 0.03590,-0.00000, 0.99936, 0.55723,316.40330,1454.59743,2335.75705,-1.88327, 0.00000, 0.00000,
25.70000,15420.00000,-0.00000,10000.00000,-0.00000, 2.05761,-0.00000,600.00000, 2.05761, 0.00000,-0.00000,-0.00000,-0.00000, 0.03590,-0.00000, 0.99936, 0.55723,316.40330,1454.59743,2335.75705,-1.88327, 0.00000, 0.00000,
25.80000,15480.00000,-0.00000,10000.00000,-0.00000, 2.05761,-0.00000,600.00000, 2.05761, 0.00000,-0.00000,-0.00000,-0.00000, 0.03590,-0.00000, 0.99936, 0.55723,316.40330,1454.59743,2335.75705,-1.88327, 0.00000, 0.00000,
25.90000,15540.00000,-0.00000,10000.00000,-0.00000, 2.05761,-0.00000,600.00000, 2.05761, 0.00000,-0.00000,-0.00000,-0.00000, 0.03590,-0.00000, 0.99936, 0.55723,316.40330,1454.59743,2335.75705,-1.88327, 0.00000, 0.00000,
26.00000,15600.00000,-0.00000,10000.00000,-0.00000, 2.05761,-0.00000,600.00000, 2.05761, 0.00000,-0.00000,-0.00000,-0.00000, 0.03590,-0.00000, 0.99936, 0.55723,316.40330,1454.59743,2335.75705,-1.88327, 0.00000, 0.00000,
26.10000,15660.00000,-0.00000,10000.00000,-0.00000, 2.05761,-0.00000,600.00000, 2.05761, 0.00000,-0.00000,-0.00000,-0.00000, 0.03590,-0.00000, 0.99936, 0.55723,316.40330,1454.59743,2335.75705,-1.88327, 0.00000, 0.00000,
26.20000,15720.00000,-0.00000,10000.00000,-0.00000, 2.05761,-0.00000,600.00000, 2.05761, 0.00000,-0.00000,-0.00000,-0.00000, 0.03590,-0.00000, 0.99936, 0.55723,316.40330,1454.59743,2335.75705,-1.88327, 0.00000, 0.00000,
26.30000,15780.00000,-0.00000,10000.00000,-0.00000, 2.05761,-0.00000,600.00000, 2.05761, 0.00000,-0.00000,-0.00000,-0.00000, 0.03590,-0.00000, 0.99936, 0.55723,316.40330,1454.59743,2335.75705,-1.88327, 0.00000, 0.00000,
26.40000,15840.00000,-0.00000,10000.00000,-0.00000, 2.05761,-0.00000,600.00000, 2.05761, 0.00000,-0.00000,-0.00000,-0.00000, 0.03590,-0.00000, 0.99936, 0.55723,316.40330,1454.59743,2335.75705,-1.88327, 0.00000, 0.00000,
26.50000,15900.00000,-0.00000,10000.00000,-0.00000, 2.05761,-0.00000,600.00000, 2.05761, 0.00000,-0.00000,-0.00000,-0.00000, 0.03590,-0.00000, 0.99936, 0.55723,316.40330,1454.59743,2335.75705,-1.88327, 0.00000, 0.00000,
26.60000,15960.00000,-0.00000,10000.00000,-0.00000, 2.05761,-0.00000,600.00000, 2.05761, 0.00000,-0.00000,-0.00000,-0.00000, 0.03590,-0.00000, 0.99936, 0.55723,316.40330,1454.59743,2335.75705,-1.88327, 0.00000, 0.00000,
26.70000,16020.00000,-0.00000,10000.00000,-0.00000, 2.05761,-0.00000,600.00000, 2.05761, 0.00000,-0.00000,-0.00000,-0.00000, 0.03590,-0.00000, 0.99936, 0.55723,316.40330,1454.59743,2335.75705,-1.88327, 0.00000, 0.00000,
26.80000,16080.00000,-0.00000,10000.00000,-0.00000, 2.05761,-0.00000,600.00000, 2.05761, 0.00000,-0.00000,-0.00000,-0.00000, 0.03590,-0.00000, 0.99936, 0.55723,316.40330,1454.59743,2335.75705,-1.88327, 0.00000, 0.00000,
26.90000,16140.00000,-0.00000,10000.00000,-0.00000, 2.05761,-0.00000,600.00000, 2.05761, 0.00000,-0.00000,-0.00000,-0.00000, 0.03590,-0.00000, 0.99936, 0.55723,316.40330,1454.59743,2335.75705,-1.88327, 0.00000, 0.00000,
27.00000,16200.00000,-0.00000,10000.00000,-0.00000, 2.05761,-0.00000,600.00000, 2.05761, 0.00000,-0.00000,-0.00000,-0.00000, 0.03590,-0.00000, 0.99936, 0.55723,316.40330,1454.59743,2335.75705,-1.88327, 0.00000, 0.00000,
27.10000,16260.00000,-0.00000,10000.00000,-0.00000, 2.05761,-0.00000,600.00000, 2.05761, 0.00000,-0.00000,-0.00000,-0.00000, 0.03590,-0.00000, 0.99936, 0.55723,316.40330,1454.59743,2335.75705,-1.88327, 0.00000, 0.00000,
27.20000,16320.00000,-0.00000,10000.00000,-0.00000, 2.05761,-0.00000,600.00000, 2.05761, 0.00000,-0.00000,-0.00000,-0.00000, 0.03590,-0.00000, 0.99936, 0.55723,316.40330,1454.59743,2335.75705,-1.88327, 0.00000, 0.00000,
27.30000,16380.00000,-0.00000,10000.00000,-0.00000, 2.05761,-0.00000,600.00000, 2.05761, 0.00000,-0.00000,-0.00000,-0.00000, 0.03590,-0.00000, 0.99936, 0.55723,316.40330,1454.59743,2335.75705,-1.88327, 0.00000, 0.00000,
27.40000,16440.00000,-0.00000,10000.00000,-0.00000, 2.05761,-0.00000,600.00000, 2.05761, 0.00000,-0.00000,-0.00000,-0.00000, 0.03590,-0.00000, 0.99936, 0.55723,316.40330,1454.59743,2335.75705,-1.88327, 0.00000, 0.00000,
27.50000,16500.00000,-0.00000,10000.00000,-0.00000, 2.05761,-0.00000,600.00000, 2.05761, 0.00000,-0.00000,-0.00000,-0.00000, 0.03590,-0.00000, 0.99936, 0.55723,316.40330,1454.59743,2335.75705,-1.88327, 0.00000, 0.00000,
27.60000,16560.00000,-0.00000,10000.00000,-0.00000, 2.05761,-0.00000,600.00000, 2.05761, 0.00000,-0.00000,-0.00000,-0.00000, 0.03590,-0.00000, 0.99936, 0.55723,316.40330,1454.59743,2335.75705,-1.88327, 0.00000, 0.00000,
27.70000,16620.00000,-0.00000,10000.00000,-0.00000, 2.05761,-0.00000,600.00000, 2.05761, 0.00000,-0.00000,-0.00000,-0.00000, 0.03590,-0.00000, 0.99936, 0.55723,316.40330,1454.59743,2335.75705,-1.88327, 0.00000, 0.00000,
27.80000,16680.00000,-0.00000,10000.00000,-0.00000, 2.05761,-0.00000,600.00000, 2.05761, 0.00000,-0.00000,-0.00000,-0.00000, 0.03590,-0.00000, 0.99936, 0.55723,316.40330,1454.59743,2335.75705,-1.88327, 0.00000, 0.00000,
27.90000,16740.00000,-0.00000,10000.00000,-0.00000, 2.05761,-0.00000,600.00000, 2.05761, 0.00000,-0.00000,-0.00000,-0.00000, 0.03590,-0.00000, 0.99936, 0.55723,316.40330,1454.59743,2335.75705,-1.88327, 0.00000, 0.00000,
28.00000,16800.00000,-0.00000,10000.00000,-0.00000, 2.05761,-0.00000,600.00000, 2.05761, 0.00000,-0.00000,-0.00000,-0.00000, 0.03590,-0.00000, 0.99936, 0.55723,316.40330,1454.59743,2335.75705,-1.88327, 0.00000, 0.00000,
28.10000,16860.00000,-0.00000,10000.00000,-0.00000, 2.05761,-0.00000,600.00000, 2.05761, 0.00000,-0.00000,-0.00000,-0.00000, 0.03590,-0.00000, 0.99936, 0.55723,316.40330,1454.59743,2335.75705,-1.88327, 0.00000, 0.00000,
28.20000,16920.00000,-0.00000,10000.00000,-0.00000, 2.05761,-0.00000,600.00000, 2.05761, 0.00000,-0.00000,-0.00000,-0.00000, 0.03590,-0.00000, 0.99936, 0.55723,316.40330,1454.59743,2335.75705,-1.88327, 0.00000, 0.00000,
28.30000,16980.00000,-0.00000,10000.00000,-0.00000, 2.05761,-0.00000,600.00000, 2.05761, 0.00000,-0.00000,-0.00000,-0.00000, 0.03590,-0.00000, 0.99936, 0.55723,316.40330,1454.59743,2335.75705,-1.88327, 0.00000, 0.00000,
28.40000,17040.00000,-0.00000,10000.00000,-0.00000, 2.05761,-0.00000,600.00000, 2.05761, 0.00000,-0.00000,-0.00000,-0.00000, 0.03590,-0.00000, 0.99936, 0.55723,316.40330,1454.59743,2335.75705,-1.88327, 0.00000, 0.00000,
28.50000,17100.00000,-0.00000,10000.00000,-0.00000, 2.05761,-0.00000,600.00000, 2.05761, 0.00000,-0.00000,-0.00000,-0.00000, 0.03590,-0.00000, 0.99936, 0.55723,316.40330,1454.59743,2335.75705,-1.88327, 0.00000, 0.00000,
28.60000,17160.00000,-0.00000,10000.00000,-0.00000, 2.05761,-0.00000,600.00000, 2.05761, 0.00000,-0.00000,-0.00000,-0.00000, 0.03590,-0.00000, 0.99936, 0.55723,316.40330,1454.59743,2335.75705,-1.88327, 0.00000, 0.00000,
28.70000,17220.00000,-0.00000,10000.00000,-0.00000, 2.05761,-0.00000,600.00000, 2.05761, 0.00000,-0.00000,-0.00000,-0.00000, 0.03590,-0.00000, 0.99936, 0.55723,316.40330,1454.59743,2335.75705,-1.88327, 0.00000, 0.00000,
28.80000,17280.00000,-0.00000,10000.00000,-0.00000, 2.05761,-0.00000,600.00000, 2.05761, 0.00000,-0.00000,-0.00000,-0.00000, 0.03590,-0.00000, 0.99936, 0.55723,316.40330,1454.59743,2335.75705,-1.88327, 0.00000, 0.00000,
28.90000,17340.00000,-0.00000,10000.00000,-0.00000, 2.05761,-0.00000,600.00000, 2.05761, 0.00000,-0.00000,-0.00000,-0.00000, 0.03590,-0.00000, 0.99936, 0.55723,316.40330,1454.59743,2335.75705,-1.88327, 0.00000, 0.00000,
29.00000,17400.00000,-0.00000,10000.00000,-0.00000, 2.05761,-0.00000,600.00000, 2.05761, 0.00000,-0.00000,-0.00000,-0.00000, 0.03590,-0.00000, 0.99936, 0.55723,316.40330,1454.59743,2335.75705,-1.88327, 0.00000, 0.00000,
29.10000,17460.00000,-0.00000,10000.00000,-0.00000, 2.05761,-0.00000,600.00000, 2.05761, 0.00000,-0.00000,-0.00000,-0.00000, 0.03590,-0.00000, 0.99936, 0.55723,316.40330,1454.59743,2335.75705,-1.88327, 0.00000, 0.00000,
29.20000,17520.00000,-0.00000,10000.00000,-0.00000, 2.05761,-0.00000,600.00000, 2.05761,-0.00000,-0.00000,-0.00000,-0.00000, 0.03590,-0.00000, 0.99936, 0.55723,316.40330,1454.59743,2335.75705,-1.88327, 0.00000, 0.00000,
29.30000,17580.00000,-0.00000,10000.00000,-0.00000, 2.05761,-0.00000,600.00000, 2.05761,-0.00000,-0.00000,-0.00000,-0.00000, 0.03590,-0.00000, 0.99936, 0.55723,316.40330,1454.59743,2335.75705,-1.88327, 0.00000, 0.00000,
29.40000,17640.00000,-0.00000,10000.00000,-0.00000, 2.05761,-0.00000,600.00000, 2.05761,-0.00000,-0.00000,-0.00000,-0.00000, 0.03590,-0.00000, 0.99936, 0.55723,316.40330,1454.59743,2335.75705,-1.88327, 0.00000, 0.00000,
29.50000,17700.00000,-0.00000,10000.00000,-0.00000, 2.05761,-0.00000,600.00000, 2.05761,-0.00000,-0.00000,-0.00000,-0.00000, 0.03590, 0.00000, 0.99936, 0.55723,316.40330,1454.59743,2335.75705,-1.88327, 0.00000, 0.00000,
29.60000,17760.00000,-0.00000,10000.00000,-0.00000, 2.05761,-0.00000,600.00000, 2.05761,-0.00000,-0.00000,-0.00000,-0.00000, 0.03590, 0.00000, 0.99936, 0.55723,316.40330,1454.59743,2335.75705,-1.88327, 0.00000, 0.00000,
29.70000,17820.00000,-0.00000,10000.00000,-0.00000, 2.05761,-0.00000,600.00000, 2.05761,-0.00000,-0.00000,-0.00000,-0.00000, 0.03590, 0.00000, 0.99936, 0.55723,316.40330,1454.59743,2335.75705,-1.88327, 0.00000, 0.00000,
29.80000,17880.00000,-0.00000,10000.00000,-0.00000, 2.05761,-0.00000,600.00000, 2.05761,-0.00000,-0.00000,-0.00000,-0.00000, 0.03590, 0.00000, 0.99936, 0.55723,316.40330,1454.59743,2335.75705,-1.88327, 0.00000, 0.00000,
29.90000,17940.00000,-0.00000,10000.00000,-0.00000, 2.05761,-0.00000,600.00000, 2.05761,-0.00000,-0.00000,-0.00000,-0.00000, 0.03590, 0.00000, 0.99936, 0.55723,316.40330,1454.59743,2335.75705,-1.88327, 0.00000, 0.00000,
30.00000,18000.00000,-0.00000,10000.00000,-0.00000, 2.05761,-0.00000,600.00000, 2.05761,-0.00000,-0.00000,-0.00000,-0.00000, 0.03590, 0.00000, 0.99936, 0.55723,316.40330,1454.59743,2335.75705,-1.88327, 0.00000, 0.00000,
